Some([1, 0, 0, 3])
Some([1, 1, 2, 3])
Some([1, 3, 4, 3])
Some([1, 5, 0, 3])
Some([2, 1, 6, 19])
Some([1, 19, 6, 23])
Some([2, 23, 6, 27])
Some([2, 6, 27, 31])
Some([2, 13, 31, 35])
Some([1, 9, 35, 39])
Some([2, 10, 39, 43])
Some([1, 6, 43, 47])
Some([1, 13, 47, 51])
Some([2, 6, 51, 55])
Some([2, 55, 6, 59])
Some([1, 59, 5, 63])
Some([2, 9, 63, 67])
Some([1, 5, 67, 71])
Some([2, 10, 71, 75])
Some([1, 6, 75, 79])
Some([1, 79, 5, 83])
Some([2, 83, 10, 87])
Some([1, 9, 87, 91])
Some([1, 5, 91, 95])
Some([1, 95, 6, 99])
Some([2, 10, 99, 103])
Some([1, 5, 103, 107])
Some([1, 107, 6, 111])
Some([1, 5, 111, 115])
Some([2, 115, 6, 119])
Some([1, 119, 6, 123])
Some([1, 123, 10, 127])
Some([1, 127, 13, 131])
Some([1, 131, 2, 135])
Some([1, 135, 5, 0])
Some([99, 2, 14, 0])
None

Some([1, 0, 0, 2])
Some([1, 1, 2, 3])
Some([1, 3, 4, 3])
Some([1, 5, 0, 3])
Some([2, 1, 6, 19])
Some([1, 19, 6, 23])
Some([2, 23, 6, 27])
Some([2, 6, 27, 31])
Some([2, 13, 31, 35])
Some([1, 9, 35, 39])
Some([2, 10, 39, 43])
Some([1, 6, 43, 47])
Some([1, 13, 47, 51])
Some([2, 6, 51, 55])
Some([2, 55, 6, 59])
Some([1, 59, 5, 63])
Some([2, 9, 63, 67])
Some([1, 5, 67, 71])
Some([2, 10, 71, 75])
Some([1, 6, 75, 79])
Some([1, 79, 5, 83])
Some([2, 83, 10, 87])
Some([1, 9, 87, 91])
Some([1, 5, 91, 95])
Some([1, 95, 6, 99])
Some([2, 10, 99, 103])
Some([1, 5, 103, 107])
Some([1, 107, 6, 111])
Some([1, 5, 111, 115])
Some([2, 115, 6, 119])
Some([1, 119, 6, 123])
Some([1, 123, 10, 127])
Some([1, 127, 13, 131])
Some([1, 131, 2, 135])
Some([1, 135, 5, 0])
Some([99, 2, 14, 0])
None

Some([1, 0, 0, 0])
Some([1, 1, 2, 3])
Some([1, 3, 4, 3])
Some([1, 5, 0, 3])
Some([2, 1, 6, 19])
Some([1, 19, 6, 23])
Some([2, 23, 6, 27])
Some([2, 6, 27, 31])
Some([2, 13, 31, 35])
Some([1, 9, 35, 39])
Some([2, 10, 39, 43])
Some([1, 6, 43, 47])
Some([1, 13, 47, 51])
Some([2, 6, 51, 55])
Some([2, 55, 6, 59])
Some([1, 59, 5, 63])
Some([2, 9, 63, 67])
Some([1, 5, 67, 71])
Some([2, 10, 71, 75])
Some([1, 6, 75, 79])
Some([1, 79, 5, 83])
Some([2, 83, 10, 87])
Some([1, 9, 87, 91])
Some([1, 5, 91, 95])
Some([1, 95, 6, 99])
Some([2, 10, 99, 103])
Some([1, 5, 103, 107])
Some([1, 107, 6, 111])
Some([1, 5, 111, 115])
Some([2, 115, 6, 119])
Some([1, 119, 6, 123])
Some([1, 123, 10, 127])
Some([1, 127, 13, 131])
Some([1, 131, 2, 135])
Some([1, 135, 5, 0])
Some([99, 2, 14, 0])
None

Some([1, 0, 0, 1])
Some([1, 1, 2, 3])
Some([1, 3, 4, 3])
Some([1, 5, 0, 3])
Some([2, 1, 6, 19])
Some([1, 19, 6, 23])
Some([2, 23, 6, 27])
Some([2, 6, 27, 31])
Some([2, 13, 31, 35])
Some([1, 9, 35, 39])
Some([2, 10, 39, 43])
Some([1, 6, 43, 47])
Some([1, 13, 47, 51])
Some([2, 6, 51, 55])
Some([2, 55, 6, 59])
Some([1, 59, 5, 63])
Some([2, 9, 63, 67])
Some([1, 5, 67, 71])
Some([2, 10, 71, 75])
Some([1, 6, 75, 79])
Some([1, 79, 5, 83])
Some([2, 83, 10, 87])
Some([1, 9, 87, 91])
Some([1, 5, 91, 95])
Some([1, 95, 6, 99])
Some([2, 10, 99, 103])
Some([1, 5, 103, 107])
Some([1, 107, 6, 111])
Some([1, 5, 111, 115])
Some([2, 115, 6, 119])
Some([1, 119, 6, 123])
Some([1, 123, 10, 127])
Some([1, 127, 13, 131])
Some([1, 131, 2, 135])
Some([1, 135, 5, 0])
Some([99, 2, 14, 0])
None

Some([1, 0, 0, 2])
Some([1, 1, 2, 3])
Some([1, 3, 4, 3])
Some([1, 5, 0, 3])
Some([2, 1, 6, 19])
Some([1, 19, 6, 23])
Some([2, 23, 6, 27])
Some([2, 6, 27, 31])
Some([2, 13, 31, 35])
Some([1, 9, 35, 39])
Some([2, 10, 39, 43])
Some([1, 6, 43, 47])
Some([1, 13, 47, 51])
Some([2, 6, 51, 55])
Some([2, 55, 6, 59])
Some([1, 59, 5, 63])
Some([2, 9, 63, 67])
Some([1, 5, 67, 71])
Some([2, 10, 71, 75])
Some([1, 6, 75, 79])
Some([1, 79, 5, 83])
Some([2, 83, 10, 87])
Some([1, 9, 87, 91])
Some([1, 5, 91, 95])
Some([1, 95, 6, 99])
Some([2, 10, 99, 103])
Some([1, 5, 103, 107])
Some([1, 107, 6, 111])
Some([1, 5, 111, 115])
Some([2, 115, 6, 119])
Some([1, 119, 6, 123])
Some([1, 123, 10, 127])
Some([1, 127, 13, 131])
Some([1, 131, 2, 135])
Some([1, 135, 5, 0])
Some([99, 2, 14, 0])
None

Some([1, 0, 0, 2])
Some([1, 1, 2, 3])
Some([1, 3, 4, 3])
Some([1, 5, 0, 3])
Some([2, 1, 6, 0])
Some([1, 19, 6, 23])
Some([2, 23, 6, 27])
Some([2, 6, 27, 31])
Some([2, 13, 31, 35])
Some([1, 9, 35, 39])
Some([2, 10, 39, 43])
Some([1, 6, 43, 47])
Some([1, 13, 47, 51])
Some([2, 6, 51, 55])
Some([2, 55, 6, 59])
Some([1, 59, 5, 63])
Some([2, 9, 63, 67])
Some([1, 5, 67, 71])
Some([2, 10, 71, 75])
Some([1, 6, 75, 79])
Some([1, 79, 5, 83])
Some([2, 83, 10, 87])
Some([1, 9, 87, 91])
Some([1, 5, 91, 95])
Some([1, 95, 6, 99])
Some([2, 10, 99, 103])
Some([1, 5, 103, 107])
Some([1, 107, 6, 111])
Some([1, 5, 111, 115])
Some([2, 115, 6, 119])
Some([1, 119, 6, 123])
Some([1, 123, 10, 127])
Some([1, 127, 13, 131])
Some([1, 131, 2, 135])
Some([1, 135, 5, 0])
Some([99, 2, 14, 0])
None

Some([1, 0, 0, 2])
Some([1, 1, 2, 3])
Some([1, 3, 4, 3])
Some([1, 5, 0, 3])
Some([2, 1, 6, 0])
Some([1, 19, 6, 2])
Some([2, 23, 6, 27])
Some([2, 6, 27, 31])
Some([2, 13, 31, 35])
Some([1, 9, 35, 39])
Some([2, 10, 39, 43])
Some([1, 6, 43, 47])
Some([1, 13, 47, 51])
Some([2, 6, 51, 55])
Some([2, 55, 6, 59])
Some([1, 59, 5, 63])
Some([2, 9, 63, 67])
Some([1, 5, 67, 71])
Some([2, 10, 71, 75])
Some([1, 6, 75, 79])
Some([1, 79, 5, 83])
Some([2, 83, 10, 87])
Some([1, 9, 87, 91])
Some([1, 5, 91, 95])
Some([1, 95, 6, 99])
Some([2, 10, 99, 103])
Some([1, 5, 103, 107])
Some([1, 107, 6, 111])
Some([1, 5, 111, 115])
Some([2, 115, 6, 119])
Some([1, 119, 6, 123])
Some([1, 123, 10, 127])
Some([1, 127, 13, 131])
Some([1, 131, 2, 135])
Some([1, 135, 5, 0])
Some([99, 2, 14, 0])
None

Some([1, 0, 0, 2])
Some([1, 1, 2, 3])
Some([1, 3, 4, 3])
Some([1, 5, 0, 3])
Some([2, 1, 6, 0])
Some([1, 19, 6, 2])
Some([2, 23, 6, 4])
Some([2, 6, 27, 31])
Some([2, 13, 31, 35])
Some([1, 9, 35, 39])
Some([2, 10, 39, 43])
Some([1, 6, 43, 47])
Some([1, 13, 47, 51])
Some([2, 6, 51, 55])
Some([2, 55, 6, 59])
Some([1, 59, 5, 63])
Some([2, 9, 63, 67])
Some([1, 5, 67, 71])
Some([2, 10, 71, 75])
Some([1, 6, 75, 79])
Some([1, 79, 5, 83])
Some([2, 83, 10, 87])
Some([1, 9, 87, 91])
Some([1, 5, 91, 95])
Some([1, 95, 6, 99])
Some([2, 10, 99, 103])
Some([1, 5, 103, 107])
Some([1, 107, 6, 111])
Some([1, 5, 111, 115])
Some([2, 115, 6, 119])
Some([1, 119, 6, 123])
Some([1, 123, 10, 127])
Some([1, 127, 13, 131])
Some([1, 131, 2, 135])
Some([1, 135, 5, 0])
Some([99, 2, 14, 0])
None

Some([1, 0, 0, 2])
Some([1, 1, 2, 3])
Some([1, 3, 4, 3])
Some([1, 5, 0, 3])
Some([2, 1, 6, 0])
Some([1, 19, 6, 2])
Some([2, 23, 6, 4])
Some([2, 6, 27, 8])
Some([2, 13, 31, 35])
Some([1, 9, 35, 39])
Some([2, 10, 39, 43])
Some([1, 6, 43, 47])
Some([1, 13, 47, 51])
Some([2, 6, 51, 55])
Some([2, 55, 6, 59])
Some([1, 59, 5, 63])
Some([2, 9, 63, 67])
Some([1, 5, 67, 71])
Some([2, 10, 71, 75])
Some([1, 6, 75, 79])
Some([1, 79, 5, 83])
Some([2, 83, 10, 87])
Some([1, 9, 87, 91])
Some([1, 5, 91, 95])
Some([1, 95, 6, 99])
Some([2, 10, 99, 103])
Some([1, 5, 103, 107])
Some([1, 107, 6, 111])
Some([1, 5, 111, 115])
Some([2, 115, 6, 119])
Some([1, 119, 6, 123])
Some([1, 123, 10, 127])
Some([1, 127, 13, 131])
Some([1, 131, 2, 135])
Some([1, 135, 5, 0])
Some([99, 2, 14, 0])
None

Some([1, 0, 0, 2])
Some([1, 1, 2, 3])
Some([1, 3, 4, 3])
Some([1, 5, 0, 3])
Some([2, 1, 6, 0])
Some([1, 19, 6, 2])
Some([2, 23, 6, 4])
Some([2, 6, 27, 8])
Some([2, 13, 31, 40])
Some([1, 9, 35, 39])
Some([2, 10, 39, 43])
Some([1, 6, 43, 47])
Some([1, 13, 47, 51])
Some([2, 6, 51, 55])
Some([2, 55, 6, 59])
Some([1, 59, 5, 63])
Some([2, 9, 63, 67])
Some([1, 5, 67, 71])
Some([2, 10, 71, 75])
Some([1, 6, 75, 79])
Some([1, 79, 5, 83])
Some([2, 83, 10, 87])
Some([1, 9, 87, 91])
Some([1, 5, 91, 95])
Some([1, 95, 6, 99])
Some([2, 10, 99, 103])
Some([1, 5, 103, 107])
Some([1, 107, 6, 111])
Some([1, 5, 111, 115])
Some([2, 115, 6, 119])
Some([1, 119, 6, 123])
Some([1, 123, 10, 127])
Some([1, 127, 13, 131])
Some([1, 131, 2, 135])
Some([1, 135, 5, 0])
Some([99, 2, 14, 0])
None

Some([1, 0, 0, 2])
Some([1, 1, 2, 3])
Some([1, 3, 4, 3])
Some([1, 5, 0, 3])
Some([2, 1, 6, 0])
Some([1, 19, 6, 2])
Some([2, 23, 6, 4])
Some([2, 6, 27, 8])
Some([2, 13, 31, 40])
Some([1, 9, 35, 43])
Some([2, 10, 39, 43])
Some([1, 6, 43, 47])
Some([1, 13, 47, 51])
Some([2, 6, 51, 55])
Some([2, 55, 6, 59])
Some([1, 59, 5, 63])
Some([2, 9, 63, 67])
Some([1, 5, 67, 71])
Some([2, 10, 71, 75])
Some([1, 6, 75, 79])
Some([1, 79, 5, 83])
Some([2, 83, 10, 87])
Some([1, 9, 87, 91])
Some([1, 5, 91, 95])
Some([1, 95, 6, 99])
Some([2, 10, 99, 103])
Some([1, 5, 103, 107])
Some([1, 107, 6, 111])
Some([1, 5, 111, 115])
Some([2, 115, 6, 119])
Some([1, 119, 6, 123])
Some([1, 123, 10, 127])
Some([1, 127, 13, 131])
Some([1, 131, 2, 135])
Some([1, 135, 5, 0])
Some([99, 2, 14, 0])
None

Some([1, 0, 0, 2])
Some([1, 1, 2, 3])
Some([1, 3, 4, 3])
Some([1, 5, 0, 3])
Some([2, 1, 6, 0])
Some([1, 19, 6, 2])
Some([2, 23, 6, 4])
Some([2, 6, 27, 8])
Some([2, 13, 31, 40])
Some([1, 9, 35, 43])
Some([2, 10, 39, 172])
Some([1, 6, 43, 47])
Some([1, 13, 47, 51])
Some([2, 6, 51, 55])
Some([2, 55, 6, 59])
Some([1, 59, 5, 63])
Some([2, 9, 63, 67])
Some([1, 5, 67, 71])
Some([2, 10, 71, 75])
Some([1, 6, 75, 79])
Some([1, 79, 5, 83])
Some([2, 83, 10, 87])
Some([1, 9, 87, 91])
Some([1, 5, 91, 95])
Some([1, 95, 6, 99])
Some([2, 10, 99, 103])
Some([1, 5, 103, 107])
Some([1, 107, 6, 111])
Some([1, 5, 111, 115])
Some([2, 115, 6, 119])
Some([1, 119, 6, 123])
Some([1, 123, 10, 127])
Some([1, 127, 13, 131])
Some([1, 131, 2, 135])
Some([1, 135, 5, 0])
Some([99, 2, 14, 0])
None

Some([1, 0, 0, 2])
Some([1, 1, 2, 3])
Some([1, 3, 4, 3])
Some([1, 5, 0, 3])
Some([2, 1, 6, 0])
Some([1, 19, 6, 2])
Some([2, 23, 6, 4])
Some([2, 6, 27, 8])
Some([2, 13, 31, 40])
Some([1, 9, 35, 43])
Some([2, 10, 39, 172])
Some([1, 6, 43, 174])
Some([1, 13, 47, 51])
Some([2, 6, 51, 55])
Some([2, 55, 6, 59])
Some([1, 59, 5, 63])
Some([2, 9, 63, 67])
Some([1, 5, 67, 71])
Some([2, 10, 71, 75])
Some([1, 6, 75, 79])
Some([1, 79, 5, 83])
Some([2, 83, 10, 87])
Some([1, 9, 87, 91])
Some([1, 5, 91, 95])
Some([1, 95, 6, 99])
Some([2, 10, 99, 103])
Some([1, 5, 103, 107])
Some([1, 107, 6, 111])
Some([1, 5, 111, 115])
Some([2, 115, 6, 119])
Some([1, 119, 6, 123])
Some([1, 123, 10, 127])
Some([1, 127, 13, 131])
Some([1, 131, 2, 135])
Some([1, 135, 5, 0])
Some([99, 2, 14, 0])
None

Some([1, 0, 0, 2])
Some([1, 1, 2, 3])
Some([1, 3, 4, 3])
Some([1, 5, 0, 3])
Some([2, 1, 6, 0])
Some([1, 19, 6, 2])
Some([2, 23, 6, 4])
Some([2, 6, 27, 8])
Some([2, 13, 31, 40])
Some([1, 9, 35, 43])
Some([2, 10, 39, 172])
Some([1, 6, 43, 174])
Some([1, 13, 47, 179])
Some([2, 6, 51, 55])
Some([2, 55, 6, 59])
Some([1, 59, 5, 63])
Some([2, 9, 63, 67])
Some([1, 5, 67, 71])
Some([2, 10, 71, 75])
Some([1, 6, 75, 79])
Some([1, 79, 5, 83])
Some([2, 83, 10, 87])
Some([1, 9, 87, 91])
Some([1, 5, 91, 95])
Some([1, 95, 6, 99])
Some([2, 10, 99, 103])
Some([1, 5, 103, 107])
Some([1, 107, 6, 111])
Some([1, 5, 111, 115])
Some([2, 115, 6, 119])
Some([1, 119, 6, 123])
Some([1, 123, 10, 127])
Some([1, 127, 13, 131])
Some([1, 131, 2, 135])
Some([1, 135, 5, 0])
Some([99, 2, 14, 0])
None

Some([1, 0, 0, 2])
Some([1, 1, 2, 3])
Some([1, 3, 4, 3])
Some([1, 5, 0, 3])
Some([2, 1, 6, 0])
Some([1, 19, 6, 2])
Some([2, 23, 6, 4])
Some([2, 6, 27, 8])
Some([2, 13, 31, 40])
Some([1, 9, 35, 43])
Some([2, 10, 39, 172])
Some([1, 6, 43, 174])
Some([1, 13, 47, 179])
Some([2, 6, 51, 358])
Some([2, 55, 6, 59])
Some([1, 59, 5, 63])
Some([2, 9, 63, 67])
Some([1, 5, 67, 71])
Some([2, 10, 71, 75])
Some([1, 6, 75, 79])
Some([1, 79, 5, 83])
Some([2, 83, 10, 87])
Some([1, 9, 87, 91])
Some([1, 5, 91, 95])
Some([1, 95, 6, 99])
Some([2, 10, 99, 103])
Some([1, 5, 103, 107])
Some([1, 107, 6, 111])
Some([1, 5, 111, 115])
Some([2, 115, 6, 119])
Some([1, 119, 6, 123])
Some([1, 123, 10, 127])
Some([1, 127, 13, 131])
Some([1, 131, 2, 135])
Some([1, 135, 5, 0])
Some([99, 2, 14, 0])
None

Some([1, 0, 0, 2])
Some([1, 1, 2, 3])
Some([1, 3, 4, 3])
Some([1, 5, 0, 3])
Some([2, 1, 6, 0])
Some([1, 19, 6, 2])
Some([2, 23, 6, 4])
Some([2, 6, 27, 8])
Some([2, 13, 31, 40])
Some([1, 9, 35, 43])
Some([2, 10, 39, 172])
Some([1, 6, 43, 174])
Some([1, 13, 47, 179])
Some([2, 6, 51, 358])
Some([2, 55, 6, 716])
Some([1, 59, 5, 63])
Some([2, 9, 63, 67])
Some([1, 5, 67, 71])
Some([2, 10, 71, 75])
Some([1, 6, 75, 79])
Some([1, 79, 5, 83])
Some([2, 83, 10, 87])
Some([1, 9, 87, 91])
Some([1, 5, 91, 95])
Some([1, 95, 6, 99])
Some([2, 10, 99, 103])
Some([1, 5, 103, 107])
Some([1, 107, 6, 111])
Some([1, 5, 111, 115])
Some([2, 115, 6, 119])
Some([1, 119, 6, 123])
Some([1, 123, 10, 127])
Some([1, 127, 13, 131])
Some([1, 131, 2, 135])
Some([1, 135, 5, 0])
Some([99, 2, 14, 0])
None

Some([1, 0, 0, 2])
Some([1, 1, 2, 3])
Some([1, 3, 4, 3])
Some([1, 5, 0, 3])
Some([2, 1, 6, 0])
Some([1, 19, 6, 2])
Some([2, 23, 6, 4])
Some([2, 6, 27, 8])
Some([2, 13, 31, 40])
Some([1, 9, 35, 43])
Some([2, 10, 39, 172])
Some([1, 6, 43, 174])
Some([1, 13, 47, 179])
Some([2, 6, 51, 358])
Some([2, 55, 6, 716])
Some([1, 59, 5, 717])
Some([2, 9, 63, 67])
Some([1, 5, 67, 71])
Some([2, 10, 71, 75])
Some([1, 6, 75, 79])
Some([1, 79, 5, 83])
Some([2, 83, 10, 87])
Some([1, 9, 87, 91])
Some([1, 5, 91, 95])
Some([1, 95, 6, 99])
Some([2, 10, 99, 103])
Some([1, 5, 103, 107])
Some([1, 107, 6, 111])
Some([1, 5, 111, 115])
Some([2, 115, 6, 119])
Some([1, 119, 6, 123])
Some([1, 123, 10, 127])
Some([1, 127, 13, 131])
Some([1, 131, 2, 135])
Some([1, 135, 5, 0])
Some([99, 2, 14, 0])
None

Some([1, 0, 0, 2])
Some([1, 1, 2, 3])
Some([1, 3, 4, 3])
Some([1, 5, 0, 3])
Some([2, 1, 6, 0])
Some([1, 19, 6, 2])
Some([2, 23, 6, 4])
Some([2, 6, 27, 8])
Some([2, 13, 31, 40])
Some([1, 9, 35, 43])
Some([2, 10, 39, 172])
Some([1, 6, 43, 174])
Some([1, 13, 47, 179])
Some([2, 6, 51, 358])
Some([2, 55, 6, 716])
Some([1, 59, 5, 717])
Some([2, 9, 63, 2151])
Some([1, 5, 67, 71])
Some([2, 10, 71, 75])
Some([1, 6, 75, 79])
Some([1, 79, 5, 83])
Some([2, 83, 10, 87])
Some([1, 9, 87, 91])
Some([1, 5, 91, 95])
Some([1, 95, 6, 99])
Some([2, 10, 99, 103])
Some([1, 5, 103, 107])
Some([1, 107, 6, 111])
Some([1, 5, 111, 115])
Some([2, 115, 6, 119])
Some([1, 119, 6, 123])
Some([1, 123, 10, 127])
Some([1, 127, 13, 131])
Some([1, 131, 2, 135])
Some([1, 135, 5, 0])
Some([99, 2, 14, 0])
None

Some([1, 0, 0, 2])
Some([1, 1, 2, 3])
Some([1, 3, 4, 3])
Some([1, 5, 0, 3])
Some([2, 1, 6, 0])
Some([1, 19, 6, 2])
Some([2, 23, 6, 4])
Some([2, 6, 27, 8])
Some([2, 13, 31, 40])
Some([1, 9, 35, 43])
Some([2, 10, 39, 172])
Some([1, 6, 43, 174])
Some([1, 13, 47, 179])
Some([2, 6, 51, 358])
Some([2, 55, 6, 716])
Some([1, 59, 5, 717])
Some([2, 9, 63, 2151])
Some([1, 5, 67, 2152])
Some([2, 10, 71, 75])
Some([1, 6, 75, 79])
Some([1, 79, 5, 83])
Some([2, 83, 10, 87])
Some([1, 9, 87, 91])
Some([1, 5, 91, 95])
Some([1, 95, 6, 99])
Some([2, 10, 99, 103])
Some([1, 5, 103, 107])
Some([1, 107, 6, 111])
Some([1, 5, 111, 115])
Some([2, 115, 6, 119])
Some([1, 119, 6, 123])
Some([1, 123, 10, 127])
Some([1, 127, 13, 131])
Some([1, 131, 2, 135])
Some([1, 135, 5, 0])
Some([99, 2, 14, 0])
None

Some([1, 0, 0, 2])
Some([1, 1, 2, 3])
Some([1, 3, 4, 3])
Some([1, 5, 0, 3])
Some([2, 1, 6, 0])
Some([1, 19, 6, 2])
Some([2, 23, 6, 4])
Some([2, 6, 27, 8])
Some([2, 13, 31, 40])
Some([1, 9, 35, 43])
Some([2, 10, 39, 172])
Some([1, 6, 43, 174])
Some([1, 13, 47, 179])
Some([2, 6, 51, 358])
Some([2, 55, 6, 716])
Some([1, 59, 5, 717])
Some([2, 9, 63, 2151])
Some([1, 5, 67, 2152])
Some([2, 10, 71, 8608])
Some([1, 6, 75, 79])
Some([1, 79, 5, 83])
Some([2, 83, 10, 87])
Some([1, 9, 87, 91])
Some([1, 5, 91, 95])
Some([1, 95, 6, 99])
Some([2, 10, 99, 103])
Some([1, 5, 103, 107])
Some([1, 107, 6, 111])
Some([1, 5, 111, 115])
Some([2, 115, 6, 119])
Some([1, 119, 6, 123])
Some([1, 123, 10, 127])
Some([1, 127, 13, 131])
Some([1, 131, 2, 135])
Some([1, 135, 5, 0])
Some([99, 2, 14, 0])
None

Some([1, 0, 0, 2])
Some([1, 1, 2, 3])
Some([1, 3, 4, 3])
Some([1, 5, 0, 3])
Some([2, 1, 6, 0])
Some([1, 19, 6, 2])
Some([2, 23, 6, 4])
Some([2, 6, 27, 8])
Some([2, 13, 31, 40])
Some([1, 9, 35, 43])
Some([2, 10, 39, 172])
Some([1, 6, 43, 174])
Some([1, 13, 47, 179])
Some([2, 6, 51, 358])
Some([2, 55, 6, 716])
Some([1, 59, 5, 717])
Some([2, 9, 63, 2151])
Some([1, 5, 67, 2152])
Some([2, 10, 71, 8608])
Some([1, 6, 75, 8610])
Some([1, 79, 5, 83])
Some([2, 83, 10, 87])
Some([1, 9, 87, 91])
Some([1, 5, 91, 95])
Some([1, 95, 6, 99])
Some([2, 10, 99, 103])
Some([1, 5, 103, 107])
Some([1, 107, 6, 111])
Some([1, 5, 111, 115])
Some([2, 115, 6, 119])
Some([1, 119, 6, 123])
Some([1, 123, 10, 127])
Some([1, 127, 13, 131])
Some([1, 131, 2, 135])
Some([1, 135, 5, 0])
Some([99, 2, 14, 0])
None

Some([1, 0, 0, 2])
Some([1, 1, 2, 3])
Some([1, 3, 4, 3])
Some([1, 5, 0, 3])
Some([2, 1, 6, 0])
Some([1, 19, 6, 2])
Some([2, 23, 6, 4])
Some([2, 6, 27, 8])
Some([2, 13, 31, 40])
Some([1, 9, 35, 43])
Some([2, 10, 39, 172])
Some([1, 6, 43, 174])
Some([1, 13, 47, 179])
Some([2, 6, 51, 358])
Some([2, 55, 6, 716])
Some([1, 59, 5, 717])
Some([2, 9, 63, 2151])
Some([1, 5, 67, 2152])
Some([2, 10, 71, 8608])
Some([1, 6, 75, 8610])
Some([1, 79, 5, 8611])
Some([2, 83, 10, 87])
Some([1, 9, 87, 91])
Some([1, 5, 91, 95])
Some([1, 95, 6, 99])
Some([2, 10, 99, 103])
Some([1, 5, 103, 107])
Some([1, 107, 6, 111])
Some([1, 5, 111, 115])
Some([2, 115, 6, 119])
Some([1, 119, 6, 123])
Some([1, 123, 10, 127])
Some([1, 127, 13, 131])
Some([1, 131, 2, 135])
Some([1, 135, 5, 0])
Some([99, 2, 14, 0])
None

Some([1, 0, 0, 2])
Some([1, 1, 2, 3])
Some([1, 3, 4, 3])
Some([1, 5, 0, 3])
Some([2, 1, 6, 0])
Some([1, 19, 6, 2])
Some([2, 23, 6, 4])
Some([2, 6, 27, 8])
Some([2, 13, 31, 40])
Some([1, 9, 35, 43])
Some([2, 10, 39, 172])
Some([1, 6, 43, 174])
Some([1, 13, 47, 179])
Some([2, 6, 51, 358])
Some([2, 55, 6, 716])
Some([1, 59, 5, 717])
Some([2, 9, 63, 2151])
Some([1, 5, 67, 2152])
Some([2, 10, 71, 8608])
Some([1, 6, 75, 8610])
Some([1, 79, 5, 8611])
Some([2, 83, 10, 34444])
Some([1, 9, 87, 91])
Some([1, 5, 91, 95])
Some([1, 95, 6, 99])
Some([2, 10, 99, 103])
Some([1, 5, 103, 107])
Some([1, 107, 6, 111])
Some([1, 5, 111, 115])
Some([2, 115, 6, 119])
Some([1, 119, 6, 123])
Some([1, 123, 10, 127])
Some([1, 127, 13, 131])
Some([1, 131, 2, 135])
Some([1, 135, 5, 0])
Some([99, 2, 14, 0])
None

Some([1, 0, 0, 2])
Some([1, 1, 2, 3])
Some([1, 3, 4, 3])
Some([1, 5, 0, 3])
Some([2, 1, 6, 0])
Some([1, 19, 6, 2])
Some([2, 23, 6, 4])
Some([2, 6, 27, 8])
Some([2, 13, 31, 40])
Some([1, 9, 35, 43])
Some([2, 10, 39, 172])
Some([1, 6, 43, 174])
Some([1, 13, 47, 179])
Some([2, 6, 51, 358])
Some([2, 55, 6, 716])
Some([1, 59, 5, 717])
Some([2, 9, 63, 2151])
Some([1, 5, 67, 2152])
Some([2, 10, 71, 8608])
Some([1, 6, 75, 8610])
Some([1, 79, 5, 8611])
Some([2, 83, 10, 34444])
Some([1, 9, 87, 34447])
Some([1, 5, 91, 95])
Some([1, 95, 6, 99])
Some([2, 10, 99, 103])
Some([1, 5, 103, 107])
Some([1, 107, 6, 111])
Some([1, 5, 111, 115])
Some([2, 115, 6, 119])
Some([1, 119, 6, 123])
Some([1, 123, 10, 127])
Some([1, 127, 13, 131])
Some([1, 131, 2, 135])
Some([1, 135, 5, 0])
Some([99, 2, 14, 0])
None

Some([1, 0, 0, 2])
Some([1, 1, 2, 3])
Some([1, 3, 4, 3])
Some([1, 5, 0, 3])
Some([2, 1, 6, 0])
Some([1, 19, 6, 2])
Some([2, 23, 6, 4])
Some([2, 6, 27, 8])
Some([2, 13, 31, 40])
Some([1, 9, 35, 43])
Some([2, 10, 39, 172])
Some([1, 6, 43, 174])
Some([1, 13, 47, 179])
Some([2, 6, 51, 358])
Some([2, 55, 6, 716])
Some([1, 59, 5, 717])
Some([2, 9, 63, 2151])
Some([1, 5, 67, 2152])
Some([2, 10, 71, 8608])
Some([1, 6, 75, 8610])
Some([1, 79, 5, 8611])
Some([2, 83, 10, 34444])
Some([1, 9, 87, 34447])
Some([1, 5, 91, 34448])
Some([1, 95, 6, 99])
Some([2, 10, 99, 103])
Some([1, 5, 103, 107])
Some([1, 107, 6, 111])
Some([1, 5, 111, 115])
Some([2, 115, 6, 119])
Some([1, 119, 6, 123])
Some([1, 123, 10, 127])
Some([1, 127, 13, 131])
Some([1, 131, 2, 135])
Some([1, 135, 5, 0])
Some([99, 2, 14, 0])
None

Some([1, 0, 0, 2])
Some([1, 1, 2, 3])
Some([1, 3, 4, 3])
Some([1, 5, 0, 3])
Some([2, 1, 6, 0])
Some([1, 19, 6, 2])
Some([2, 23, 6, 4])
Some([2, 6, 27, 8])
Some([2, 13, 31, 40])
Some([1, 9, 35, 43])
Some([2, 10, 39, 172])
Some([1, 6, 43, 174])
Some([1, 13, 47, 179])
Some([2, 6, 51, 358])
Some([2, 55, 6, 716])
Some([1, 59, 5, 717])
Some([2, 9, 63, 2151])
Some([1, 5, 67, 2152])
Some([2, 10, 71, 8608])
Some([1, 6, 75, 8610])
Some([1, 79, 5, 8611])
Some([2, 83, 10, 34444])
Some([1, 9, 87, 34447])
Some([1, 5, 91, 34448])
Some([1, 95, 6, 34450])
Some([2, 10, 99, 103])
Some([1, 5, 103, 107])
Some([1, 107, 6, 111])
Some([1, 5, 111, 115])
Some([2, 115, 6, 119])
Some([1, 119, 6, 123])
Some([1, 123, 10, 127])
Some([1, 127, 13, 131])
Some([1, 131, 2, 135])
Some([1, 135, 5, 0])
Some([99, 2, 14, 0])
None

Some([1, 0, 0, 2])
Some([1, 1, 2, 3])
Some([1, 3, 4, 3])
Some([1, 5, 0, 3])
Some([2, 1, 6, 0])
Some([1, 19, 6, 2])
Some([2, 23, 6, 4])
Some([2, 6, 27, 8])
Some([2, 13, 31, 40])
Some([1, 9, 35, 43])
Some([2, 10, 39, 172])
Some([1, 6, 43, 174])
Some([1, 13, 47, 179])
Some([2, 6, 51, 358])
Some([2, 55, 6, 716])
Some([1, 59, 5, 717])
Some([2, 9, 63, 2151])
Some([1, 5, 67, 2152])
Some([2, 10, 71, 8608])
Some([1, 6, 75, 8610])
Some([1, 79, 5, 8611])
Some([2, 83, 10, 34444])
Some([1, 9, 87, 34447])
Some([1, 5, 91, 34448])
Some([1, 95, 6, 34450])
Some([2, 10, 99, 137800])
Some([1, 5, 103, 107])
Some([1, 107, 6, 111])
Some([1, 5, 111, 115])
Some([2, 115, 6, 119])
Some([1, 119, 6, 123])
Some([1, 123, 10, 127])
Some([1, 127, 13, 131])
Some([1, 131, 2, 135])
Some([1, 135, 5, 0])
Some([99, 2, 14, 0])
None

Some([1, 0, 0, 2])
Some([1, 1, 2, 3])
Some([1, 3, 4, 3])
Some([1, 5, 0, 3])
Some([2, 1, 6, 0])
Some([1, 19, 6, 2])
Some([2, 23, 6, 4])
Some([2, 6, 27, 8])
Some([2, 13, 31, 40])
Some([1, 9, 35, 43])
Some([2, 10, 39, 172])
Some([1, 6, 43, 174])
Some([1, 13, 47, 179])
Some([2, 6, 51, 358])
Some([2, 55, 6, 716])
Some([1, 59, 5, 717])
Some([2, 9, 63, 2151])
Some([1, 5, 67, 2152])
Some([2, 10, 71, 8608])
Some([1, 6, 75, 8610])
Some([1, 79, 5, 8611])
Some([2, 83, 10, 34444])
Some([1, 9, 87, 34447])
Some([1, 5, 91, 34448])
Some([1, 95, 6, 34450])
Some([2, 10, 99, 137800])
Some([1, 5, 103, 137801])
Some([1, 107, 6, 111])
Some([1, 5, 111, 115])
Some([2, 115, 6, 119])
Some([1, 119, 6, 123])
Some([1, 123, 10, 127])
Some([1, 127, 13, 131])
Some([1, 131, 2, 135])
Some([1, 135, 5, 0])
Some([99, 2, 14, 0])
None

Some([1, 0, 0, 2])
Some([1, 1, 2, 3])
Some([1, 3, 4, 3])
Some([1, 5, 0, 3])
Some([2, 1, 6, 0])
Some([1, 19, 6, 2])
Some([2, 23, 6, 4])
Some([2, 6, 27, 8])
Some([2, 13, 31, 40])
Some([1, 9, 35, 43])
Some([2, 10, 39, 172])
Some([1, 6, 43, 174])
Some([1, 13, 47, 179])
Some([2, 6, 51, 358])
Some([2, 55, 6, 716])
Some([1, 59, 5, 717])
Some([2, 9, 63, 2151])
Some([1, 5, 67, 2152])
Some([2, 10, 71, 8608])
Some([1, 6, 75, 8610])
Some([1, 79, 5, 8611])
Some([2, 83, 10, 34444])
Some([1, 9, 87, 34447])
Some([1, 5, 91, 34448])
Some([1, 95, 6, 34450])
Some([2, 10, 99, 137800])
Some([1, 5, 103, 137801])
Some([1, 107, 6, 137803])
Some([1, 5, 111, 115])
Some([2, 115, 6, 119])
Some([1, 119, 6, 123])
Some([1, 123, 10, 127])
Some([1, 127, 13, 131])
Some([1, 131, 2, 135])
Some([1, 135, 5, 0])
Some([99, 2, 14, 0])
None

Some([1, 0, 0, 2])
Some([1, 1, 2, 3])
Some([1, 3, 4, 3])
Some([1, 5, 0, 3])
Some([2, 1, 6, 0])
Some([1, 19, 6, 2])
Some([2, 23, 6, 4])
Some([2, 6, 27, 8])
Some([2, 13, 31, 40])
Some([1, 9, 35, 43])
Some([2, 10, 39, 172])
Some([1, 6, 43, 174])
Some([1, 13, 47, 179])
Some([2, 6, 51, 358])
Some([2, 55, 6, 716])
Some([1, 59, 5, 717])
Some([2, 9, 63, 2151])
Some([1, 5, 67, 2152])
Some([2, 10, 71, 8608])
Some([1, 6, 75, 8610])
Some([1, 79, 5, 8611])
Some([2, 83, 10, 34444])
Some([1, 9, 87, 34447])
Some([1, 5, 91, 34448])
Some([1, 95, 6, 34450])
Some([2, 10, 99, 137800])
Some([1, 5, 103, 137801])
Some([1, 107, 6, 137803])
Some([1, 5, 111, 137804])
Some([2, 115, 6, 119])
Some([1, 119, 6, 123])
Some([1, 123, 10, 127])
Some([1, 127, 13, 131])
Some([1, 131, 2, 135])
Some([1, 135, 5, 0])
Some([99, 2, 14, 0])
None

Some([1, 0, 0, 2])
Some([1, 1, 2, 3])
Some([1, 3, 4, 3])
Some([1, 5, 0, 3])
Some([2, 1, 6, 0])
Some([1, 19, 6, 2])
Some([2, 23, 6, 4])
Some([2, 6, 27, 8])
Some([2, 13, 31, 40])
Some([1, 9, 35, 43])
Some([2, 10, 39, 172])
Some([1, 6, 43, 174])
Some([1, 13, 47, 179])
Some([2, 6, 51, 358])
Some([2, 55, 6, 716])
Some([1, 59, 5, 717])
Some([2, 9, 63, 2151])
Some([1, 5, 67, 2152])
Some([2, 10, 71, 8608])
Some([1, 6, 75, 8610])
Some([1, 79, 5, 8611])
Some([2, 83, 10, 34444])
Some([1, 9, 87, 34447])
Some([1, 5, 91, 34448])
Some([1, 95, 6, 34450])
Some([2, 10, 99, 137800])
Some([1, 5, 103, 137801])
Some([1, 107, 6, 137803])
Some([1, 5, 111, 137804])
Some([2, 115, 6, 275608])
Some([1, 119, 6, 123])
Some([1, 123, 10, 127])
Some([1, 127, 13, 131])
Some([1, 131, 2, 135])
Some([1, 135, 5, 0])
Some([99, 2, 14, 0])
None

Some([1, 0, 0, 2])
Some([1, 1, 2, 3])
Some([1, 3, 4, 3])
Some([1, 5, 0, 3])
Some([2, 1, 6, 0])
Some([1, 19, 6, 2])
Some([2, 23, 6, 4])
Some([2, 6, 27, 8])
Some([2, 13, 31, 40])
Some([1, 9, 35, 43])
Some([2, 10, 39, 172])
Some([1, 6, 43, 174])
Some([1, 13, 47, 179])
Some([2, 6, 51, 358])
Some([2, 55, 6, 716])
Some([1, 59, 5, 717])
Some([2, 9, 63, 2151])
Some([1, 5, 67, 2152])
Some([2, 10, 71, 8608])
Some([1, 6, 75, 8610])
Some([1, 79, 5, 8611])
Some([2, 83, 10, 34444])
Some([1, 9, 87, 34447])
Some([1, 5, 91, 34448])
Some([1, 95, 6, 34450])
Some([2, 10, 99, 137800])
Some([1, 5, 103, 137801])
Some([1, 107, 6, 137803])
Some([1, 5, 111, 137804])
Some([2, 115, 6, 275608])
Some([1, 119, 6, 275610])
Some([1, 123, 10, 127])
Some([1, 127, 13, 131])
Some([1, 131, 2, 135])
Some([1, 135, 5, 0])
Some([99, 2, 14, 0])
None

Some([1, 0, 0, 2])
Some([1, 1, 2, 3])
Some([1, 3, 4, 3])
Some([1, 5, 0, 3])
Some([2, 1, 6, 0])
Some([1, 19, 6, 2])
Some([2, 23, 6, 4])
Some([2, 6, 27, 8])
Some([2, 13, 31, 40])
Some([1, 9, 35, 43])
Some([2, 10, 39, 172])
Some([1, 6, 43, 174])
Some([1, 13, 47, 179])
Some([2, 6, 51, 358])
Some([2, 55, 6, 716])
Some([1, 59, 5, 717])
Some([2, 9, 63, 2151])
Some([1, 5, 67, 2152])
Some([2, 10, 71, 8608])
Some([1, 6, 75, 8610])
Some([1, 79, 5, 8611])
Some([2, 83, 10, 34444])
Some([1, 9, 87, 34447])
Some([1, 5, 91, 34448])
Some([1, 95, 6, 34450])
Some([2, 10, 99, 137800])
Some([1, 5, 103, 137801])
Some([1, 107, 6, 137803])
Some([1, 5, 111, 137804])
Some([2, 115, 6, 275608])
Some([1, 119, 6, 275610])
Some([1, 123, 10, 275614])
Some([1, 127, 13, 131])
Some([1, 131, 2, 135])
Some([1, 135, 5, 0])
Some([99, 2, 14, 0])
None

Some([1, 0, 0, 2])
Some([1, 1, 2, 3])
Some([1, 3, 4, 3])
Some([1, 5, 0, 3])
Some([2, 1, 6, 0])
Some([1, 19, 6, 2])
Some([2, 23, 6, 4])
Some([2, 6, 27, 8])
Some([2, 13, 31, 40])
Some([1, 9, 35, 43])
Some([2, 10, 39, 172])
Some([1, 6, 43, 174])
Some([1, 13, 47, 179])
Some([2, 6, 51, 358])
Some([2, 55, 6, 716])
Some([1, 59, 5, 717])
Some([2, 9, 63, 2151])
Some([1, 5, 67, 2152])
Some([2, 10, 71, 8608])
Some([1, 6, 75, 8610])
Some([1, 79, 5, 8611])
Some([2, 83, 10, 34444])
Some([1, 9, 87, 34447])
Some([1, 5, 91, 34448])
Some([1, 95, 6, 34450])
Some([2, 10, 99, 137800])
Some([1, 5, 103, 137801])
Some([1, 107, 6, 137803])
Some([1, 5, 111, 137804])
Some([2, 115, 6, 275608])
Some([1, 119, 6, 275610])
Some([1, 123, 10, 275614])
Some([1, 127, 13, 275619])
Some([1, 131, 2, 135])
Some([1, 135, 5, 0])
Some([99, 2, 14, 0])
None

Some([1, 0, 0, 2])
Some([1, 1, 2, 3])
Some([1, 3, 4, 3])
Some([1, 5, 0, 3])
Some([2, 1, 6, 0])
Some([1, 19, 6, 2])
Some([2, 23, 6, 4])
Some([2, 6, 27, 8])
Some([2, 13, 31, 40])
Some([1, 9, 35, 43])
Some([2, 10, 39, 172])
Some([1, 6, 43, 174])
Some([1, 13, 47, 179])
Some([2, 6, 51, 358])
Some([2, 55, 6, 716])
Some([1, 59, 5, 717])
Some([2, 9, 63, 2151])
Some([1, 5, 67, 2152])
Some([2, 10, 71, 8608])
Some([1, 6, 75, 8610])
Some([1, 79, 5, 8611])
Some([2, 83, 10, 34444])
Some([1, 9, 87, 34447])
Some([1, 5, 91, 34448])
Some([1, 95, 6, 34450])
Some([2, 10, 99, 137800])
Some([1, 5, 103, 137801])
Some([1, 107, 6, 137803])
Some([1, 5, 111, 137804])
Some([2, 115, 6, 275608])
Some([1, 119, 6, 275610])
Some([1, 123, 10, 275614])
Some([1, 127, 13, 275619])
Some([1, 131, 2, 275619])
Some([1, 135, 5, 0])
Some([99, 2, 14, 0])
None

Some([275620, 0, 0, 2])
Some([1, 1, 2, 3])
Some([1, 3, 4, 3])
Some([1, 5, 0, 3])
Some([2, 1, 6, 0])
Some([1, 19, 6, 2])
Some([2, 23, 6, 4])
Some([2, 6, 27, 8])
Some([2, 13, 31, 40])
Some([1, 9, 35, 43])
Some([2, 10, 39, 172])
Some([1, 6, 43, 174])
Some([1, 13, 47, 179])
Some([2, 6, 51, 358])
Some([2, 55, 6, 716])
Some([1, 59, 5, 717])
Some([2, 9, 63, 2151])
Some([1, 5, 67, 2152])
Some([2, 10, 71, 8608])
Some([1, 6, 75, 8610])
Some([1, 79, 5, 8611])
Some([2, 83, 10, 34444])
Some([1, 9, 87, 34447])
Some([1, 5, 91, 34448])
Some([1, 95, 6, 34450])
Some([2, 10, 99, 137800])
Some([1, 5, 103, 137801])
Some([1, 107, 6, 137803])
Some([1, 5, 111, 137804])
Some([2, 115, 6, 275608])
Some([1, 119, 6, 275610])
Some([1, 123, 10, 275614])
Some([1, 127, 13, 275619])
Some([1, 131, 2, 275619])
Some([1, 135, 5, 0])
Some([99, 2, 14, 0])
None

Part 1: [275620, 0, 0, 2, 1, 1, 2, 3, 1, 3, 4, 3, 1, 5, 0, 3, 2, 1, 6, 0, 1, 19, 6, 2, 2, 23, 6, 4, 2, 6, 27, 8, 2, 13, 31, 40, 1, 9, 35, 43, 2, 10, 39, 172, 1, 6, 43, 174, 1, 13, 47, 179, 2, 6, 51, 358, 2, 55, 6, 716, 1, 59, 5, 717, 2, 9, 63, 2151, 1, 5, 67, 2152, 2, 10, 71, 8608, 1, 6, 75, 8610, 1, 79, 5, 8611, 2, 83, 10, 34444, 1, 9, 87, 34447, 1, 5, 91, 34448, 1, 95, 6, 34450, 2, 10, 99, 137800, 1, 5, 103, 137801, 1, 107, 6, 137803, 1, 5, 111, 137804, 2, 115, 6, 275608, 1, 119, 6, 275610, 1, 123, 10, 275614, 1, 127, 13, 275619, 1, 131, 2, 275619, 1, 135, 5, 0, 99, 2, 14, 0, 0]
